Bus.con = [ ... 
  1  138  1  0  1  1;
  2  138  1  0  1  1;
  3  240  1  0  1  1;
  4  138  1  0  1  1;
  5  240  1  0  1  1;
  6  138  1  0  1  1;
  7  240  1  0  1  1;
  8  240  1  0  1  1;
  9  240  1  0  1  1;
  10  240  1  0  1  1;
  11  240  1  0  1  1;
  12  240  1  0  1  1;
  13  240  1  0  1  1;
  14  500  1  0  1  1;
  15  138  1  0  1  1;
  16  500  1  0  1  1;
  17  240  1  0  1  1;
  18  240  1  0  1  1;
  19  138  1  0  1  1;
  20  500  1  0  1  1;
  21  240  1  0  1  1;
  22  500  1  0  1  1;
  23  500  1  0  1  1;
  24  500  1  0  1  1;
  25  138  1  0  1  1;
  26  240  1  0  1  1;
  27  500  1  0  1  1;
  28  500  1  0  1  1;
  29  240  1  0  1  1;
  30  240  1  0  1  1;
  31  138  1  0  1  1;
  32  240  1  0  1  1;
  33  240  1  0  1  1;
  34  138  1  0  1  1;
  35  138  1  0  1  1;
  36  240  1  0  1  1;
  37  500  1  0  1  1;
  38  500  1  0  1  1;
  39  138  1  0  1  1;
  40  138  1  0  1  1;
  41  240  1  0  1  1;
  42  500  1  0  1  1;
 ];

Line.con = [ ... 
 39 40 1000 100 60 0 0 0.01 0.0207345 9.04e-05 0 0 0 0 0 1;
 39 41 1000 100 60 0 0 0.00666667 0.013823 0.0001356 0 0 0 0 0 1;
 41 5 1000 100 60 0 0 0.0075 0.0197471 0.0001112 0 0 0 0 0 1;
 41 3 1000 100 60 0 0 0.02 0.041469 4.52e-05 0 0 0 0 0 1;
 2 5 1000 100 60 0 0 0.00666667 0.013823 0.0001356 0 0 0 0 0 1;
 2 4 1000 100 60 0 0 0.02 0.041469 4.52e-05 0 0 0 0 0 1;
 5 3 1000 100 60 0 0 0.02 0.041469 4.52e-05 0 0 0 0 0 1;
 5 4 1000 100 60 0 0 0.02 0.041469 4.52e-05 0 0 0 0 0 1;
 5 7 1000 100 60 0 0 0.00461538 0.012959 0.0001772 0 0 0 0 0 1;
 5 6 1000 100 60 0 0 0.02 0.041469 4.52e-05 0 0 0 0 0 1;
 3 7 1000 100 60 0 0 0.00770149 0.0213082 0.0001037 0 0 0 0 0 1;
 42 3 1000 100 60 0 0 0.012 0.037699 6.6e-05 0 0 0 0 0 1;
 42 22 1000 100 60 0 0 0.005 0.033929 9.42e-05 0 0 0 0 0 1;
 22 3 1000 100 60 0 0 0.012 0.037699 6.6e-05 0 0 0 0 0 1;
 28 21 1000 100 60 0 0 0.00461538 0.012959 0.0001772 0 0 0 0 0 1;
 7 6 1000 100 60 0 0 0.02 0.041469 4.52e-05 0 0 0 0 0 1;
 6 10 1000 100 60 0 0 0.02 0.041469 4.52e-05 0 0 0 0 0 1;
 6 4 1000 100 60 0 0 0.02 0.041469 4.52e-05 0 0 0 0 0 1;
 10 22 1000 100 60 0 0 0.00461538 0.012959 0.0001772 0 0 0 0 0 1;
 10 11 1000 100 60 0 0 0.02 0.041469 4.52e-05 0 0 0 0 0 1;
 9 35 1000 100 60 0 0 0.00666667 0.013823 0.0001356 0 0 0 0 0 1;
 9 1 1000 100 60 0 0 0.02 0.041469 4.52e-05 0 0 0 0 0 1;
 25 32 1000 100 60 0 0 0.02 0.041469 4.52e-05 0 0 0 0 0 1;
 35 1 1000 100 60 0 0 0.02 0.041469 4.52e-05 0 0 0 0 0 1;
 35 17 1000 100 60 0 0 0.02 0.041469 4.52e-05 0 0 0 0 0 1;
 35 12 1000 100 60 0 0 0.02 0.041469 4.52e-05 0 0 0 0 0 1;
 1 13 1000 100 60 0 0 0.02 0.041469 4.52e-05 0 0 0 0 0 1;
 13 18 1000 100 60 0 0 0.00461538 0.012959 0.0001772 0 0 0 0 0 1;
 13 17 1000 100 60 0 0 0.01 0.0207345 9.04e-05 0 0 0 0 0 1;
 42 41 1000 100 60 0 0 0.012 0.037699 6.6e-05 0 0 0 0 0 1;
 18 17 1000 100 60 0 0 0.006 0.0188495 0.000132 0 0 0 0 0 1;
 18 23 1000 100 60 0 0 0.0075 0.0197471 0.0001112 0 0 0 0 0 1;
 17 23 1000 100 60 0 0 0.00291525 0.00830658 0.0002734 0 0 0 0 0 1;
 7 22 1000 100 60 0 0 0.00375 0.00987356 0.0002224 0 0 0 0 0 1;
 8 22 1000 100 60 0 0 0.02 0.041469 4.52e-05 0 0 0 0 0 1;
 22 11 1000 100 60 0 0 0.01 0.0207345 9.04e-05 0 0 0 0 0 1;
 22 38 1000 100 60 0 0 0.00142857 0.0061486 0.0004316 0 0 0 0 0 1;
 42 8 1000 100 60 0 0 0.00461538 0.012959 0.0001772 0 0 0 0 0 1;
 11 16 1000 100 60 0 0 0.012 0.037699 6.6e-05 0 0 0 0 0 1;
 15 19 1000 100 60 0 0 0.02 0.041469 4.52e-05 0 0 0 0 0 1;
 19 16 1000 100 60 0 0 0.01 0.0207345 9.04e-05 0 0 0 0 0 1;
 19 20 1000 100 60 0 0 0.02 0.041469 4.52e-05 0 0 0 0 0 1;
 16 22 1000 100 60 0 0 0.003 0.00942475 0.000264 0 0 0 0 0 1;
 20 16 1000 100 60 0 0 0.003 0.00942475 0.000264 0 0 0 0 0 1;
 20 37 1000 100 60 0 0 0.006 0.0188495 0.000132 0 0 0 0 0 1;
 23 16 1000 100 60 0 0 0.012 0.037699 6.6e-05 0 0 0 0 0 1;
 8 9 1000 100 60 0 0 0.00461538 0.012959 0.0001772 0 0 0 0 0 1;
 12 16 1000 100 60 0 0 0.006 0.0188495 0.000132 0 0 0 0 0 1;
 38 12 1000 100 60 0 0 0.0024 0.00575958 0.000358 0 0 0 0 0 1;
 14 38 1000 100 60 0 0 0.0015 0.00624114 0.0004108 0 0 0 0 0 1;
 14 28 1000 100 60 0 0 0.005 0.033929 9.42e-05 0 0 0 0 0 1;
 23 24 1000 100 60 0 0 0.00375 0.00987356 0.0002224 0 0 0 0 0 1;
 24 28 1000 100 60 0 0 0.006 0.0188495 0.000132 0 0 0 0 0 1;
 23 29 1000 100 60 0 0 0.02 0.041469 4.52e-05 0 0 0 0 0 1;
 8 14 1000 100 60 0 0 0.02 0.041469 4.52e-05 0 0 0 0 0 1;
 26 28 1000 100 60 0 0 0.00461538 0.012959 0.0001772 0 0 0 0 0 1;
 26 30 1000 100 60 0 0 0.00461538 0.012959 0.0001772 0 0 0 0 0 1;
 26 37 1000 100 60 0 0 0.00375 0.00987356 0.0002224 0 0 0 0 0 1;
 26 27 1000 100 60 0 0 0.02 0.041469 4.52e-05 0 0 0 0 0 1;
 28 29 1000 100 60 0 0 0.006 0.0188495 0.000132 0 0 0 0 0 1;
 28 30 1000 100 60 0 0 0.004 0.0125663 0.000198 0 0 0 0 0 1;
 28 31 1000 100 60 0 0 0.01 0.0207345 9.04e-05 0 0 0 0 0 1;
 29 21 1000 100 60 0 0 0.02 0.041469 4.52e-05 0 0 0 0 0 1;
 30 33 1000 100 60 0 0 0.006 0.0188495 0.000132 0 0 0 0 0 1;
 42 9 1000 100 60 0 0 0.012 0.037699 6.6e-05 0 0 0 0 0 1;
 30 32 1000 100 60 0 0 0.00461538 0.012959 0.0001772 0 0 0 0 0 1;
 30 27 1000 100 60 0 0 0.006 0.0188495 0.000132 0 0 0 0 0 1;
 31 21 1000 100 60 0 0 0.02 0.041469 4.52e-05 0 0 0 0 0 1;
 31 33 1000 100 60 0 0 0.02 0.041469 4.52e-05 0 0 0 0 0 1;
 33 32 1000 100 60 0 0 0.00375 0.00987356 0.0002224 0 0 0 0 0 1;
 33 34 1000 100 60 0 0 0.01 0.0207345 9.04e-05 0 0 0 0 0 1;
 20 25 1000 100 60 0 0 0.02 0.041469 4.52e-05 0 0 0 0 0 1;
 41 2 1000 100 60 0 0 0.02 0.041469 4.52e-05 0 0 0 0 0 1;
 25 37 1000 100 60 0 0 0.00666667 0.013823 0.0001356 0 0 0 0 0 1;
 37 27 1000 100 60 0 0 0.00461538 0.012959 0.0001772 0 0 0 0 0 1;
 36 37 1000 100 60 0 0 0.0075 0.0197471 0.0001112 0 0 0 0 0 1;
 27 32 1000 100 60 0 0 0.006 0.0188495 0.000132 0 0 0 0 0 1;
 32 34 1000 100 60 0 0 0.0103614 0.0224624 8.29e-05 0 0 0 0 0 1;
];

SW.con = [ ... 
  37  1000  100  1  0  0.75  -0.5  1.05  0.95  1.54853  1  1  1;
 ];

